3
2
2
2
2
2
2
2
2
2
2
2
2
2
2
2
2
2
2
2
2
2
2
2
2
2
2
2
2
2
2
2
2
2
2
2
2
2
2
2
2
2
2
2
2
2
2
2
2
2
2
2
2
2
2
2
2
2
2
2
2
3
2
2
2
3
2
2
4
3
3
3
2
2
2
2
2
2
3
2
2
2
2
4
2
2
2
2
2
2
2
2
2
2
2
2
2
2
2
2
2
2
2
2
2
2
2
2
2
2
2
2
2
2
2
2
2
2
2
2
2
2
2
2
2
2
2
2
2
2
2
2
2
2
2
2
2
2
2
2
2
2
2
3
2
2
2
2
2
2
2
2
2
7
5
3
2
5
2
2
3
3
2
2
2
2
2
2
2
2
2
2
2
2
2
2
2
2
2
2
2
2
2
2
2
2
2
9
2
2
2
2
2
2
2
2
2
2
2
6
4
2
2
2
2
2
2
2
2
2
2
2
2
2
5
2
2
2
3
11
60
8
2
2
2
2
2
5
2
20
8
4
3
2
4
2
2
4
2
4
3
4
2
5
4
5
2
3
3
3
2
11
58
8
2
2
7
2
2
2
2
2
2
2
2
4
2
4
2
10
2
2
2
2
2
2
4
2
4
10
2
2
2
2
2
3
3
5
2
2
2
2
3
2
2
2
2
3
2
2
2
2
3
2
2
2
2
3
2
3
2
21
2
2
4
2
15
2
2
4
2
6
2
2
2
2
2
2
2
2
7
2
2
2
11
17
35
4
3
2
4
2
2
4
2
4
3
4
2
5
4
5
2
3
3
3
2
2
2
12
2
11
2
2
2
2
18
2
2
2
2
18
2
2
2
2
18
2
2
2
2
20
2
2
2
2
18
2
2
2
2
18
2
2
2
2
12
2
7
2
2
2
7
11
11
2
2
2
2
2
2
2
2
2
2
2
2
2
2
2
2
2
7
7
0
