2
2
2
2
2
2
2
2
2
2
2
2
2
2
2
2
2
2
2
2
2
2
2
2
2
2
2
2
2
2
15
2
2
2
2
2
2
2
2
2
2
2
2
2
6
2
6
2
43
8
2
2
2
2
28
52
8
2
2
2
11
11
2
2
2
2
49
8
2
2
3
2
11
24
2
2
2
2
2
2
2
2
2
2
2
21
2
2
2
2
2
2
2
2
21
18
15
7
52
18
15
7
16
2
2
2
2
2
2
2
2
2
2
2
2
2
2
2
2
2
2
2
27
2
2
2
2
2
2
2
2
2
2
2
2
2
2
2
2
2
2
2
2
2
2
2
2
2
2
2
2
2
2
2
2
2
2
2
2
2
2
2
2
2
2
2
2
2
2
2
2
2
2
2
2
2
2
2
2
2
2
2
2
2
2
2
2
2
2
2
2
2
2
2
2
2
2
2
2
2
2
2
2
2
2
2
2
2
2
3
2
2
2
2
4
2
2
2
2
2
2
2
2
2
2
2
2
2
2
2
2
2
2
2
2
2
2
2
2
2
2
2
2
2
2
2
2
2
2
2
2
2
2
2
2
2
2
2
2
2
2
2
3
2
2
2
4
2
2
2
2
2
2
2
2
2
2
2
2
2
2
2
2
2
2
2
2
2
2
2
2
2
2
2
2
2
2
2
2
2
2
2
2
2
2
2
2
2
2
2
2
2
2
2
2
2
2
2
2
2
2
2
2
2
2
2
2
2
2
2
2
2
2
2
2
2
2
2
2
2
2
2
2
2
2
2
2
2
2
2
3
2
2
2
3
2
2
2
2
2
2
2
2
2
2
2
2
2
2
2
2
2
2
2
2
2
2
3
4
2
2
2
7
2
2
2
2
2
2
12
2
2
2
2
2
2
2
2
2
2
2
2
2
2
2
2
2
2
2
5
2
2
2
3
2
2
2
2
2
2
2
2
2
2
2
2
2
2
2
2
2
2
2
2
2
2
2
2
2
2
2
2
3
2
2
2
2
3
2
2
2
2
2
2
2
2
2
2
2
2
2
2
2
2
2
2
2
2
2
2
2
2
2
2
2
2
2
2
2
2
2
2
2
2
2
2
2
2
2
2
2
2
3
2
2
2
2
2
2
2
2
2
2
3
2
2
2
2
2
2
2
2
2
2
2
2
3
3
2
3
2
5
2
2
2
2
2
2
5
2
2
2
52
8
2
2
2
2
2
5
2
20
8
4
3
2
4
2
2
4
2
4
3
4
3
4
2
5
4
5
2
3
3
3
2
2
2
2
3
2
2
3
2
2
2
2
2
2
4
3
3
4
2
3
2
3
2
9
2
2
2
2
2
2
5
2
2
2
2
2
2
2
2
2
2
2
2
2
2
2
2
2
2
2
2
2
2
2
2
2
5
2
2
11
3
2
2
2
2
2
2
2
2
2
2
2
2
4
2
3
3
3
3
2
2
2
2
2
2
2
2
2
2
2
2
2
2
2
2
2
2
2
2
2
2
2
2
3
2
2
2
2
2
2
2
2
2
2
2
2
2
2
2
3
3
2
3
3
2
27
4
2
2
2
4
2
2
2
2
3
5
4
4
3
4
3
2
2
4
4
3
4
3
2
4
4
3
4
3
2
4
4
3
4
3
2
4
4
3
4
3
2
4
4
3
4
3
4
3
4
3
4
3
2
4
4
3
4
3
2
4
4
3
4
3
2
4
4
3
4
3
2
4
4
3
4
3
2
4
4
3
4
3
2
4
4
3
4
3
2
4
4
3
4
3
2
4
4
3
4
3
2
4
4
3
4
3
2
4
4
3
4
3
2
4
4
3
4
3
2
4
4
3
4
3
2
4
4
3
4
3
4
3
4
3
4
3
2
4
4
3
4
3
2
4
4
3
4
3
2
4
4
3
4
3
2
4
4
3
4
3
2
4
4
3
4
3
2
4
4
3
4
3
2
4
4
3
4
3
2
4
4
3
4
3
2
4
4
3
4
3
2
4
4
3
4
3
2
4
4
3
4
3
2
4
4
3
4
3
2
4
4
3
4
3
2
4
4
3
4
3
2
4
4
3
4
3
2
4
4
3
4
3
2
4
4
3
4
3
2
4
4
3
4
3
2
4
4
3
4
3
4
3
4
3
4
3
2
4
4
3
4
3
4
3
4
3
4
3
2
4
4
3
4
3
2
4
4
3
4
3
2
4
4
3
4
3
2
4
4
3
4
3
2
4
4
3
4
3
2
4
4
3
0
