2
2
2
2
2
2
2
2
2
2
2
2
2
2
2
2
2
2
2
2
2
2
2
2
2
2
2
2
2
2
2
2
2
2
2
2
2
2
2
2
2
2
2
2
2
2
2
2
2
2
2
2
2
2
2
2
2
2
2
2
2
2
2
2
2
2
2
2
2
2
2
2
2
2
2
2
2
2
2
2
2
2
2
2
2
2
2
2
2
2
2
2
2
2
2
2
2
2
2
2
2
2
2
2
2
2
2
2
2
2
2
2
2
2
2
2
2
2
2
2
2
2
2
2
2
2
2
2
2
2
2
2
2
2
2
2
2
2
2
5
2
2
2
2
2
20
2
2
2
2
2
2
2
2
2
2
2
2
3
2
2
2
2
2
2
2
2
2
2
2
2
2
2
2
2
2
2
2
2
2
2
4
3
2
2
2
2
2
2
2
2
2
2
39
18
15
7
55
18
15
7
20
2
4
2
2
2
4
4
7
6
2
2
8
2
2
2
2
2
2
2
2
2
2
2
2
2
2
2
2
2
2
2
2
2
2
2
2
2
2
2
2
2
2
2
2
2
2
2
2
2
2
2
2
2
2
2
2
2
2
2
2
2
2
2
2
2
2
2
2
2
2
2
2
2
2
2
2
2
2
2
2
2
2
2
2
2
2
2
2
2
2
2
2
15
2
2
2
2
2
2
2
2
2
2
2
2
2
6
2
6
2
43
8
2
2
2
2
28
52
8
2
2
2
11
11
2
2
2
2
49
8
2
2
3
2
11
24
2
2
2
2
2
2
2
2
2
2
2
21
2
2
2
2
2
2
2
2
21
18
15
7
52
18
15
7
16
2
2
2
2
2
2
2
2
2
2
2
2
2
2
2
2
2
2
2
27
2
2
2
2
2
2
2
2
2
2
2
2
2
2
2
2
2
2
2
2
2
2
2
2
2
2
2
2
2
2
2
2
2
2
2
2
2
2
2
2
2
2
2
2
2
2
2
2
2
2
2
2
2
2
2
2
2
2
2
2
2
2
2
2
2
2
2
2
3
2
49
8
2
2
49
8
3
2
2
2
2
2
2
2
2
2
2
2
2
2
2
2
2
2
2
2
2
2
2
2
2
2
2
2
2
2
2
2
2
2
2
2
2
2
2
2
2
2
2
2
2
2
2
2
2
2
2
2
2
2
2
2
2
2
2
2
2
2
2
2
2
2
2
2
2
2
2
2
2
2
2
2
2
2
2
2
2
2
2
2
2
2
2
2
2
2
2
2
2
2
2
2
2
2
2
2
2
2
2
2
2
2
2
2
2
2
2
2
2
2
2
2
2
2
2
2
2
2
2
2
2
2
2
2
2
2
2
2
2
2
2
2
2
2
2
2
2
2
2
2
2
2
2
2
2
2
2
2
2
49
8
2
2
2
2
2
2
2
2
2
2
2
2
2
2
2
2
2
2
2
2
2
2
2
2
2
2
2
2
2
2
2
2
2
2
2
2
2
2
2
2
2
2
2
2
2
2
2
2
2
2
2
2
2
2
2
2
2
2
2
2
2
2
2
2
2
2
2
2
2
2
2
2
2
2
2
2
2
2
2
2
2
2
2
2
2
2
2
2
2
2
2
2
8
2
2
4
2
2
2
2
2
2
2
2
2
2
2
2
2
2
2
2
2
2
2
2
2
2
2
2
2
2
2
2
2
2
2
2
2
2
2
2
2
2
2
2
2
2
2
2
4
2
49
8
2
2
2
2
2
2
2
2
2
2
2
2
2
2
43
8
2
2
2
2
2
2
2
43
8
2
2
2
2
3
2
3
3
2
3
28
2
2
2
2
2
2
2
2
2
2
2
2
2
2
2
4
52
8
2
2
2
11
2
3
3
3
2
2
2
2
2
2
2
3
3
52
8
2
2
2
2
2
2
2
2
2
2
2
2
2
2
2
2
52
8
11
11
2
2
2
2
3
2
3
3
2
3
2
2
2
2
2
2
2
2
2
2
2
2
2
2
2
2
2
2
3
3
3
2
2
2
2
2
2
3
2
3
3
2
3
2
2
3
2
3
3
2
3
2
2
2
2
3
2
3
3
2
3
3
2
3
2
3
3
2
3
2
2
3
2
3
3
2
3
2
2
3
2
3
3
2
3
2
2
3
2
3
3
2
3
2
2
3
2
3
3
2
3
2
2
2
2
2
2
2
2
2
2
4
4
2
2
2
14
2
2
2
2
2
2
2
2
2
2
2
2
0
