2
2
2
23
3
5
5
5
5
4
4
5
4
2
5
3
3
3
3
3
4
2
3
3
2
4
2
2
2
2
2
2
2
2
2
2
2
2
2
2
2
2
2
2
2
2
2
2
2
2
2
2
2
2
2
2
2
2
2
2
2
2
2
2
2
2
2
2
2
2
2
2
2
2
2
2
2
2
2
2
2
2
2
2
2
2
2
2
2
2
2
2
2
2
2
2
2
2
2
2
2
2
2
2
2
2
2
2
2
2
2
2
2
2
2
2
2
2
2
2
2
2
2
2
2
2
2
2
2
2
2
2
2
2
2
2
2
2
2
2
2
2
2
2
2
2
2
2
2
2
2
2
2
2
2
2
2
2
2
2
2
2
2
2
2
2
2
3
3
4
2
2
2
2
2
2
2
3
2
2
2
2
2
6
6
2
3
4
2
2
2
2
2
2
2
2
2
2
2
2
2
2
2
2
2
2
2
2
2
2
2
2
2
2
2
2
2
2
2
2
2
2
2
2
2
2
5
2
5
2
5
12
2
2
2
2
4
2
2
2
3
6
2
2
2
2
2
4
4
4
4
4
2
2
2
2
2
2
2
2
2
2
2
4
2
2
2
2
2
2
3
2
2
2
3
2
2
4
3
3
2
2
2
2
2
2
3
2
2
59
6
2
2
4
4
9
8
2
2
8
2
3
3
2
2
2
2
5
2
2
2
46
8
2
2
2
2
2
2
2
2
4
2
2
2
3
2
2
3
2
2
3
3
3
3
2
22
97
3
3
3
3
3
2
2
2
2
3
2
2
2
2
2
2
2
2
2
2
2
2
2
2
2
2
0
