     247
   31034
   30713
   29566
   28952
   31116
   29632
   28888
     247
     247
   30271
   29566
   29587
     246
   29673
   27520
     247
   28179
   31026
     246
   30778
   30983
    3580
   27096
   27676
   28268
   12179
   27955
   29707
   29679
   25929
   25244
   24895
     246
   29970
   28651
   28955
   28526
   26489
   27121
   28310
     170
   29502
     246
   29644
     170
     247
   28426
     247
   25158
   20335
   18903
    4274
    5687
   18984
   20568
     246
   18104
   27116
   12084
   27181
   27505
     246
   24349
   21104
   16016
    5236
    5157
   13077
   28014
   27722
   23125
    5357
   19333
   18749
   23244
   10103
    8937
     247
   21333
   19514
    8597
   17860
     246
   24860
     246
   28547
   30191
   23863
    1953
    1912
    1816
     247
     170
     789
     246
