2
4
4
4
4
4
3
2
2
2
2
2
2
2
2
2
2
2
2
2
2
2
3
2
2
2
4
4
4
4
4
4
4
4
4
4
4
4
3
4
4
4
2
2
2
2
5
2
3
3
2
2
2
2
2
3
2
2
2
2
59
6
2
2
2
4
4
9
8
2
2
8
2
3
3
2
3
2
2
2
3
3
3
2
22
2
97
3
3
3
3
4
2
2
2
2
2
2
2
2
2
2
2
2
2
2
2
4
4
4
4
4
4
4
4
4
4
4
4
3
4
4
2
2
2
2
2
2
2
2
2
2
2
2
2
3
2
3
4
2
2
4
3
2
3
2
2
2
2
2
2
2
2
2
2
2
2
2
2
2
2
2
2
2
7
10
6
2
2
2
2
2
2
2
3
2
2
2
3
2
8
2
14
2
2
6
2
2
2
2
2
2
2
2
2
2
2
2
2
2
3
2
3
2
3
2
2
2
2
2
6
9
2
2
2
2
2
4
3
3
4
2
3
24
5
5
5
5
4
4
5
4
2
2
2
2
2
2
2
2
2
2
2
4
2
3
3
3
2
2
2
2
2
2
3
2
2
2
2
4
2
2
2
2
2
2
2
2
2
2
2
2
2
2
2
2
2
2
2
2
2
2
2
2
2
2
2
2
2
2
2
2
2
2
2
2
2
2
2
2
2
2
2
2
2
2
2
2
2
2
2
2
2
2
2
2
2
2
2
3
2
2
2
2
2
2
2
2
2
2
