    1051
     822
    1051
    1051
    1051
    1036
     323
    3250
  259262
    1051
    1051
    1051
    1051
    1036
    1051
     423
    1051
    1051
     299
     300
    1051
    1039
     352
    1051
    1051
    1051
    1036
     362
     338
    1051
    1051
    1036
    1051
    1051
    1051
     299
    1051
    1051
     332
    1255
    1051
    1036
    1051
    1036
    1036
    1051
    1051
     292
     558
    1052
    1039
    1051
     225
    1051
    1051
     300
    1051
    1036
    1051
    1036
    1052
    1051
    1051
    1036
    1051
    1036
     851
    1036
    1051
    1051
    1051
    1051
    1036
    1036
     335
    1051
    1051
    1036
     953
    1036
    1051
    1051
    1051
    1051
    1051
    1036
    1051
    1051
      30
      91
    1051
      60
      30
