     163
     163
     163
     163
     163
     163
     163
     163
     163
     163
     163
     163
     163
     163
     163
     163
     164
     163
     163
     163
     163
     163
     163
     171
     163
     163
     163
     163
     163
     163
     163
     163
     163
     171
     163
     163
     164
     163
     163
     163
     450
     163
     163
     171
     163
     171
     163
     163
     171
     163
     163
     163
     163
     163
     163
     163
     163
     163
     171
     163
     163
     163
     163
     163
     163
     163
     163
     163
     175
     163
     163
     171
     163
     167
     163
     163
     167
     163
     163
     163
     163
     163
     163
     163
     163
     163
     163
     163
     163
     163
     163
     163
     163
     163
