    1434
      75
      75
    6152
    6128
    6152
    1441
    1448
     163
    6128
    1062
    6164
     361
    5848
    1446
      95
    5840
    6172
    6123
    1441
     167
    1438
    6117
    6147
      75
      74
    1435
    6192
    6176
    6143
    6151
    6194
    6145
    6123
      75
    6133
      75
      74
      75
    1448
    6124
    6146
    6133
    1268
    1438
    1447
    6168
    6152
    1438
    6175
     163
    1435
    6178
    6123
    6155
    1440
    6123
    6144
      75
    6152
    6179
      75
    6156
    6133
      75
    1436
    1445
    1450
    6134
     171
    6171
    1435
      75
      75
    1438
    1445
    1441
    6175
    1270
    6173
    6128
    6134
    1435
    1441
    1438
    6148
    1269
    6123
    1437
    1438
    6260
    6162
    6156
    6124
    1442
