2
2
2
2
2
2
2
2
2
2
2
2
2
2
2
4
4
4
4
4
4
2
2
2
2
2
2
2
2
2
2
2
2
2
2
2
2
2
2
2
2
2
2
2
2
2
2
2
2
2
2
2
7
2
2
4
2
2
2
2
2
2
2
2
2
2
2
2
2
2
2
2
2
2
2
2
2
2
2
2
2
2
2
2
2
2
2
2
2
2
2
2
2
2
2
2
2
2
2
2
4
2
49
8
2
2
2
2
2
2
2
2
2
2
2
2
2
2
43
8
2
2
2
2
2
2
2
43
8
2
2
2
2
3
2
3
3
2
3
28
2
2
2
2
2
2
2
2
2
2
2
2
2
2
2
4
52
8
2
2
2
11
2
3
3
3
2
2
2
2
2
2
2
3
3
52
8
2
2
2
2
2
2
2
2
2
2
2
2
2
2
2
2
52
8
11
11
2
2
2
2
3
2
3
3
2
3
2
2
2
2
2
2
2
2
2
2
2
2
2
2
2
2
2
2
3
3
2
2
2
2
2
2
2
3
2
3
3
2
3
2
2
3
2
3
3
2
3
2
2
2
2
3
2
3
3
2
3
3
2
3
2
3
3
2
3
2
2
3
2
3
3
2
3
2
2
3
2
3
3
2
3
2
2
3
2
3
3
2
3
2
2
3
2
3
3
2
3
2
2
2
2
2
2
2
2
2
2
4
4
2
2
2
2
2
2
2
2
2
2
2
2
2
2
2
2
2
2
2
2
2
8
2
2
2
2
2
2
2
2
2
2
2
2
2
2
2
2
2
2
2
2
2
2
2
2
2
2
2
3
2
2
2
2
2
2
2
2
2
2
2
2
2
2
2
2
2
3
5
3
2
2
7
2
2
2
2
2
2
2
2
2
2
2
2
2
2
2
6
2
4
2
30
17
15
7
30
17
15
7
4
4
4
2
2
2
2
2
8
2
2
2
2
2
2
2
2
2
2
2
2
2
2
2
2
2
2
2
5
2
5
12
2
2
2
2
2
2
2
2
3
2
40
18
15
7
52
18
15
7
16
2
2
2
2
2
4
2
2
8
8
8
8
8
7
2
2
2
2
2
2
2
2
2
2
2
2
3
3
6
2
2
2
2
2
2
3
3
3
3
3
2
2
2
2
4
8
3
2
2
2
2
2
2
2
4
3
6
3
5
2
2
2
2
2
2
2
3
2
2
2
2
2
2
3
2
2
2
2
2
2
2
2
2
2
2
2
2
2
2
2
2
2
2
2
2
2
2
2
2
2
2
2
2
2
2
2
2
2
2
2
2
2
2
2
2
2
2
2
2
2
2
2
2
2
2
2
2
2
2
2
2
2
2
2
2
2
2
2
2
2
2
2
2
2
2
2
2
2
2
2
2
2
2
2
2
2
2
2
2
2
2
2
2
2
2
2
2
2
2
2
2
2
2
2
2
2
2
2
2
2
2
2
2
3
2
2
2
3
2
2
4
2
2
2
2
2
2
2
2
2
2
2
2
2
2
2
2
2
2
2
2
2
2
2
2
2
2
2
3
2
2
2
2
2
2
2
2
2
2
2
2
2
2
2
2
2
2
2
2
2
2
4
2
2
2
2
2
2
2
2
2
2
2
2
2
2
2
2
2
2
2
2
2
2
2
2
2
2
2
2
2
2
2
2
2
2
2
2
2
2
2
2
2
2
2
2
2
2
2
3
2
2
2
2
2
2
2
3
2
2
2
2
2
2
2
2
2
2
2
2
3
3
2
2
2
2
2
2
2
2
2
2
2
2
2
2
2
2
2
2
2
2
2
2
2
2
4
2
24
2
5
28
2
2
2
4
3
2
2
2
2
2
2
3
2
2
2
2
2
2
2
2
2
2
2
2
2
2
2
2
2
2
2
2
2
2
2
2
2
2
2
2
2
2
2
2
2
2
2
2
2
2
2
2
2
2
2
3
2
2
2
2
2
2
2
2
2
2
2
2
2
2
2
2
2
2
2
2
30
5
2
2
2
2
2
2
2
3
3
3
3
2
2
2
2
2
2
2
2
2
2
2
2
2
2
2
2
2
2
2
2
2
4
2
2
2
2
2
2
2
2
2
2
2
2
2
4
2
2
2
2
2
2
3
3
2
2
2
2
2
2
2
2
2
2
2
3
3
3
3
2
2
2
3
3
2
7
2
3
3
3
2
2
2
2
2
2
2
2
2
2
2
2
2
2
2
2
2
2
2
2
2
2
2
2
2
9
2
2
0
