2
2
2
2
2
2
2
3
2
2
2
3
2
2
4
3
3
3
2
2
2
2
2
2
3
2
2
2
2
4
2
2
2
2
2
2
2
2
2
2
2
2
2
2
2
2
2
2
2
2
2
2
2
2
2
2
2
2
2
2
2
2
2
2
2
2
2
2
2
2
2
2
2
2
2
2
2
2
2
2
2
2
2
2
2
2
2
2
2
3
2
2
2
2
2
2
2
2
2
7
5
2
3
3
2
3
2
2
2
2
2
2
2
2
2
2
2
2
2
2
2
2
2
2
2
2
2
2
2
2
2
2
2
2
2
2
2
2
2
2
2
2
2
2
2
2
2
2
2
2
2
2
2
2
2
2
2
2
2
2
2
2
2
2
2
2
2
2
2
2
2
2
2
2
2
2
2
2
2
2
2
2
2
2
2
2
2
2
2
2
2
2
2
2
2
2
2
2
2
2
2
2
2
2
2
2
2
2
2
2
2
2
2
2
2
2
2
2
2
2
2
2
2
2
2
2
2
2
2
2
2
5
2
2
2
55
8
2
2
2
2
2
2
2
2
2
2
2
96
8
2
2
2
2
2
5
2
20
8
4
3
2
4
2
2
4
2
4
3
4
2
5
4
5
2
3
3
3
3
2
2
2
2
2
2
2
2
6
2
2
2
2
3
2
2
2
2
4
2
3
2
3
2
3
2
2
4
2
2
2
2
2
2
2
2
2
2
2
2
2
2
2
2
2
2
2
2
2
2
2
2
2
2
2
2
2
2
2
2
2
2
2
2
2
2
2
2
2
2
2
2
2
2
2
2
2
2
2
2
2
2
2
2
2
2
2
3
2
3
2
2
2
2
2
2
3
2
3
3
3
3
3
3
7
2
6
2
2
2
2
2
2
2
3
2
2
2
2
2
2
2
2
2
2
2
2
2
2
2
2
2
2
2
2
2
2
2
2
2
2
4
4
2
2
2
2
2
2
3
2
2
2
2
2
2
2
2
2
2
2
2
2
3
2
2
2
2
2
2
2
2
2
2
2
2
2
4
4
2
4
5
2
3
4
2
4
4
2
3
2
3
3
2
2
2
2
2
2
2
2
2
2
2
2
2
2
2
2
2
2
4
7
3
3
3
4
4
2
2
2
2
2
2
2
2
2
2
2
2
2
2
2
2
2
2
2
2
2
2
2
2
2
2
3
3
4
4
2
2
2
2
2
2
2
2
2
2
3
3
4
4
3
2
2
3
5
2
2
2
2
2
2
2
2
2
2
2
2
5
4
2
3
2
5
2
2
2
2
2
2
2
4
3
3
2
2
2
2
2
2
2
2
2
2
2
23
2
3
3
2
2
2
2
2
2
7
24
2
5
5
3
29
3
2
2
63
2
2
4
4
9
8
2
2
8
2
2
3
2
2
2
2
5
2
2
2
46
8
2
2
2
2
2
2
2
2
4
2
2
2
3
2
2
3
2
2
3
3
3
44
2
2
4
4
4
4
4
2
2
2
4
3
3
4
2
3
23
3
5
5
5
5
4
4
5
5
0
