     160
     160
    1380
     168
     160
     160
     595
     168
     160
     168
     160
     160
     160
     168
     160
     160
     160
     160
     160
     168
     160
     160
     160
     160
     161
     472
     160
     163
    1391
     160
     167
     160
     160
     160
     168
     191
     160
     171
     160
     168
     160
     164
     160
     160
     160
     168
     160
     160
     163
     160
     160
     160
     391
     168
     160
     160
     164
     163
     168
     160
     168
     160
     160
     160
     160
     168
     160
     160
     164
     168
     160
     160
     160
     115
     160
     160
     160
     160
     160
     168
    7106
     168
     160
     160
     160
     160
    2236
     160
     160
     160
     160
     160
     162
     160
