2
4
4
4
2
2
2
2
2
2
2
2
2
2
2
2
2
2
2
2
2
2
2
2
2
2
2
2
2
2
2
2
2
2
2
2
2
2
2
2
2
2
2
2
2
2
2
2
2
2
2
2
2
2
2
2
2
2
2
2
2
2
2
2
2
2
2
2
2
2
2
2
2
2
2
2
2
2
2
2
2
2
2
2
2
2
2
2
2
2
2
2
2
2
2
2
2
2
2
2
2
2
2
2
2
2
2
2
2
2
2
2
2
2
2
2
2
2
2
2
2
2
2
2
2
2
2
2
2
2
2
2
2
2
2
2
2
2
2
2
2
2
2
2
2
2
2
2
2
2
2
2
2
2
2
2
2
2
2
2
2
2
2
2
2
2
2
2
2
2
2
2
2
2
2
2
2
2
2
2
2
2
2
2
2
2
2
2
2
2
2
2
2
2
2
2
2
2
2
2
2
2
2
2
2
2
2
2
2
2
2
2
2
2
2
2
2
2
2
2
2
2
2
2
2
2
2
2
2
2
2
2
2
2
2
2
2
2
2
2
2
2
2
2
2
2
2
2
2
2
2
2
2
2
2
2
2
2
2
2
2
2
2
2
2
2
2
2
2
2
2
2
2
2
2
2
2
2
2
2
2
2
2
2
2
2
2
2
2
2
2
2
2
2
2
2
2
2
2
2
2
2
2
2
2
2
2
2
2
2
2
2
2
2
2
2
2
2
2
2
2
2
2
2
2
2
2
2
2
2
2
2
2
2
2
2
2
2
2
2
2
2
2
2
2
2
2
2
2
2
2
2
2
2
2
2
2
2
2
2
2
2
2
2
2
2
2
2
2
2
2
2
2
2
2
2
2
2
2
2
2
2
2
2
2
2
2
2
2
2
2
2
2
2
2
2
2
2
2
2
2
2
2
2
2
2
2
2
2
2
2
2
2
2
2
2
2
2
2
2
2
2
2
2
2
2
2
2
2
2
2
2
2
2
2
2
2
2
2
2
2
2
2
2
2
2
2
2
2
2
2
2
2
2
2
2
2
2
2
2
2
2
2
2
2
2
2
2
2
2
2
2
2
2
2
2
2
2
2
2
2
2
2
2
2
2
2
2
2
2
2
2
2
2
2
2
2
2
2
2
2
2
2
2
2
2
2
2
2
2
2
2
2
2
2
2
2
2
2
2
2
2
2
2
2
2
2
2
2
2
2
2
5
2
2
2
2
2
2
2
2
2
2
2
2
2
2
2
2
2
2
2
2
2
2
2
2
2
2
2
2
2
2
2
2
2
2
2
2
2
3
2
2
2
4
4
4
4
4
4
4
3
4
4
4
4
4
2
2
2
2
5
2
2
2
2
2
2
3
2
2
2
3
2
2
4
3
3
2
2
2
2
2
3
2
2
2
2
59
6
2
2
2
4
4
9
8
2
2
8
2
3
3
2
3
2
2
2
3
3
3
2
22
2
97
3
3
3
3
4
2
2
2
2
2
2
2
2
2
2
2
2
2
2
2
4
4
4
4
4
4
4
3
4
4
2
2
2
3
3
3
3
2
3
2
2
2
2
2
2
2
2
2
2
2
2
2
2
2
2
3
2
4
4
4
4
4
4
4
3
6
4
4
2
2
2
2
2
2
2
2
2
4
4
2
3
7
2
10
3
28
6
13
2
2
2
2
2
2
2
2
2
2
2
2
2
2
2
2
24
2
2
8
5
2
2
2
5
2
2
2
3
62
2
2
2
2
2
3
2
2
2
2
2
2
118
4
3
28
30
2
2
2
4
2
2
2
3
2
2
2
2
2
2
2
2
5
2
2
2
46
8
2
2
2
2
2
2
3
2
3
2
2
2
3
2
3
2
3
2
44
13
75
40
8
2
2
6
2
2
2
2
4
2
2
2
2
2
3
2
2
3
2
2
3
2
2
2
2
2
2
2
2
2
2
2
2
2
2
2
5
2
2
2
2
2
2
2
2
2
2
2
2
2
2
2
2
2
2
2
2
2
2
2
2
3
2
2
2
2
2
2
2
2
2
2
2
2
2
2
5
35
4
5
35
2
2
2
2
2
2
2
2
27
30
7
2
2
2
4
6
2
64
2
3
3
6
2
2
2
2
2
2
2
2
2
4
3
3
4
2
3
17
5
5
4
4
5
5
0
