   30845
   29684
   29620
   28302
   31208
     145
   29421
   22652
    5354
   23459
    2750
   28537
     274
   29368
   18052
   22279
   29295
   27230
   29120
     138
   24724
    2155
   20262
   14705
    1563
     681
   15458
   22064
   17656
   15675
    1937
    4409
    5054
    2679
   13115
   13128
    5228
   10001
    2735
   28825
   18740
   19923
     210
     829
     829
   21800
   22562
   21930
   20751
   27715
   18186
    2771
   25005
     100
    5306
    6586
    5832
    2622
     424
    1185
   26598
   21723
   18859
    2727
    5016
    4568
   10965
    1729
    8708
     100
    2224
   11530
    1783
    4155
      89
    3869
    6632
   13412
   13992
   11387
   23214
    2690
   15536
   14842
    2684
    1025
     100
    6424
      89
    6788
     244
     267
    1297
    1515
    2205
    1553
     610
