2
4
4
4
4
4
2
2
2
2
2
2
2
2
2
2
2
2
3
2
2
2
15
2
2
2
2
2
2
2
2
2
2
2
2
2
6
2
6
2
43
8
2
2
2
2
2
3
2
2
2
2
2
2
2
2
2
2
2
2
28
2
2
9
2
2
2
2
2
2
5
2
3
3
3
2
2
2
2
2
2
2
2
2
2
2
2
2
2
2
2
2
2
2
2
2
2
2
2
2
9
2
2
2
2
2
2
2
2
2
2
2
13
2
3
2
2
2
2
2
2
2
2
2
2
2
2
2
2
2
2
2
2
4
52
8
2
2
2
11
11
2
2
2
2
49
8
2
2
2
2
3
2
11
24
2
2
2
2
2
2
2
2
2
2
2
21
2
2
2
2
2
2
2
2
21
18
15
7
52
18
15
7
16
2
2
2
2
2
2
2
2
2
2
2
2
2
2
2
2
2
2
2
23
6
2
2
2
2
2
2
2
2
3
2
2
2
2
2
2
2
2
2
2
2
2
2
2
2
2
2
2
2
2
2
2
2
2
2
2
2
2
2
2
2
2
2
2
3
2
2
2
3
2
2
2
5
2
2
2
2
2
5
2
5
2
2
2
2
2
2
2
2
2
2
2
2
2
2
2
2
2
2
2
2
2
2
2
2
2
2
2
2
2
27
2
2
2
2
2
4
2
3
3
2
2
2
2
2
2
3
63
2
2
4
4
9
8
2
2
8
2
3
3
2
2
2
2
5
2
2
2
46
8
2
2
2
2
2
2
2
2
2
2
3
2
2
3
2
2
3
3
3
2
2
2
2
2
2
2
2
2
2
2
2
2
7
2
2
2
2
2
14
2
2
2
2
6
2
2
2
5
3
3
5
16
2
2
2
2
2
2
2
2
2
4
2
2
2
4
2
2
2
2
2
2
2
2
2
2
2
2
2
2
11
2
2
2
2
6
2
2
2
2
3
2
2
2
2
2
2
2
2
2
2
2
2
2
2
2
2
2
2
2
2
3
2
3
2
3
2
3
2
2
2
3
2
2
4
2
2
2
2
2
2
2
2
2
2
2
3
2
2
2
2
2
2
2
2
2
2
2
2
2
2
2
2
2
2
2
2
2
2
2
2
2
2
2
2
2
2
2
2
2
2
2
2
2
2
2
2
2
2
2
2
2
2
2
2
2
2
2
3
2
3
2
2
2
2
2
2
2
2
2
2
2
2
2
2
2
2
2
2
2
2
3
2
2
2
2
2
2
2
2
3
2
2
2
2
4
2
44
6
2
3
3
7
3
2
2
2
2
2
2
2
2
23
3
5
5
5
5
4
4
5
4
2
2
2
2
2
2
2
2
2
2
2
2
2
2
2
2
2
2
2
2
2
2
2
2
2
2
2
2
2
2
2
2
2
2
2
2
2
2
2
2
2
2
2
2
2
2
2
2
2
2
2
2
2
2
2
2
2
2
2
2
2
2
2
2
2
2
2
2
2
2
2
2
2
2
2
2
2
2
2
2
2
2
2
2
2
2
2
2
2
2
2
2
2
2
2
2
2
2
2
2
2
2
2
2
2
2
2
2
2
2
2
2
2
2
2
2
2
2
2
2
2
2
2
2
2
2
2
2
2
2
5
2
2
2
2
2
20
2
2
2
2
2
2
2
2
2
2
2
4
2
2
2
2
2
2
2
2
2
2
2
2
2
2
2
2
2
2
2
2
2
2
2
2
2
2
2
2
4
2
4
2
4
2
4
2
4
2
4
2
4
2
4
2
4
2
4
2
4
2
4
2
4
2
4
2
4
2
4
2
4
2
4
2
4
2
4
2
4
2
4
2
4
2
4
2
4
2
4
2
4
2
4
2
4
2
4
2
4
2
4
2
4
2
4
2
4
2
4
2
4
2
4
2
4
2
4
2
4
2
4
2
4
2
4
2
4
2
4
2
4
2
4
2
4
2
4
2
4
2
4
2
4
2
4
2
4
2
4
2
4
2
4
2
4
2
4
2
4
2
4
2
4
2
4
2
4
2
4
2
4
2
4
2
4
2
4
2
4
2
4
2
4
2
4
2
4
2
4
2
4
2
4
2
4
2
4
2
4
2
4
2
4
2
4
2
4
2
4
2
4
2
4
2
4
2
4
2
4
2
4
2
4
2
4
2
4
2
4
2
4
2
4
2
4
2
4
2
4
2
4
2
4
2
4
2
4
2
4
2
4
2
4
2
4
2
4
2
4
2
4
2
4
2
4
2
0
