2
4
4
4
4
4
2
2
2
2
2
2
2
2
2
3
2
2
2
2
2
2
2
2
2
2
4
2
3
3
2
2
2
2
2
2
3
2
2
59
6
2
5
2
2
8
2
2
2
3
3
2
33
2
104
4
4
2
2
2
2
5
2
2
2
46
8
2
2
2
2
2
2
2
2
4
2
2
2
3
2
2
3
2
2
2
2
2
3
3
3
3
3
3
3
123
53
2
2
2
88
2
43
8
2
2
2
3
3
2
2
3
3
2
3
2
2
2
2
2
2
2
2
2
2
2
2
2
2
2
2
2
2
2
2
2
2
2
2
2
2
2
2
2
2
2
2
2
2
2
2
2
2
2
2
2
2
2
2
2
2
2
2
2
2
2
2
2
2
2
2
2
2
2
2
2
2
2
2
2
2
2
2
2
2
2
2
2
2
2
2
2
2
2
2
2
2
2
2
2
2
2
2
2
2
2
2
2
2
2
2
2
2
2
2
2
2
2
2
28
240
171
355
192
145
354
540
99
240
6
4
15
3
3
3
2
3
3
3
3
2
4
7
3
3
3
3
3
4
7
3
3
3
3
3
3
3
3
3
3
3
4
7
3
3
3
3
3
3
3
3
3
3
3
4
7
3
3
3
3
6
3
3
3
3
6
3
3
3
3
3
3
3
3
3
3
6
3
3
3
3
6
3
3
3
3
3
3
3
3
3
3
6
3
3
3
3
6
3
3
3
3
4
4
3
4
4
77
2
2
2
2
2
3
2
2
2
2
2
7
2
44
8
2
2
58
8
2
2
5
2
2
2
11
8
5
9
3
3
2
2
2
3
2
2
2
2
2
13
2
41
75
40
8
2
2
2
3
4
2
2
2
2
2
2
2
2
2
2
2
2
2
2
2
2
2
2
2
2
2
2
2
2
2
2
2
2
2
2
2
2
2
2
2
3
2
2
3
2
2
2
3
2
3
2
2
2
2
2
2
2
2
3
2
2
2
2
2
2
2
2
2
2
2
2
2
2
2
2
2
2
2
2
2
2
2
2
2
2
2
2
2
2
2
2
2
2
2
2
2
2
2
2
2
2
2
2
4
2
2
2
2
2
2
2
2
2
2
2
2
2
2
2
2
2
2
2
2
2
2
3
2
2
2
2
2
3
2
3
2
2
2
2
3
3
5
2
2
2
2
2
3
2
2
2
2
3
2
3
2
2
2
2
3
2
3
2
2
2
2
3
2
3
2
2
2
2
2
2
2
2
2
2
2
3
2
2
2
2
2
3
2
3
2
2
2
2
3
3
5
2
2
2
2
2
3
2
2
2
2
3
2
3
2
2
2
2
3
2
3
2
2
2
2
3
2
3
2
2
2
2
2
2
2
2
2
2
2
4
7
10
2
2
2
2
2
3
3
2
2
2
2
2
26
2
39
2
3
3
4
2
2
2
2
2
4
2
2
4
2
2
2
4
2
2
2
3
4
2
2
9
3
2
2
5
3
3
6
2
2
3
2
3
2
2
2
3
3
3
2
3
2
2
2
2
2
2
2
2
2
2
2
2
2
2
2
2
2
2
2
2
2
2
2
2
2
2
2
2
2
2
2
2
2
2
2
2
2
2
2
2
4
2
2
2
2
2
2
2
2
2
2
2
2
2
2
2
2
2
2
2
2
2
2
2
2
2
2
2
2
4
2
4
2
4
2
4
2
4
2
4
2
4
2
4
2
4
2
4
2
4
2
4
2
4
2
4
2
4
2
4
2
4
2
4
2
4
2
4
2
4
2
4
2
4
2
4
2
4
2
4
2
4
2
4
2
4
2
4
2
4
2
4
2
4
2
4
2
4
2
4
2
4
2
4
2
4
2
4
2
4
2
4
2
4
2
4
2
4
2
4
2
4
2
4
2
4
2
4
2
4
2
4
2
4
2
4
2
4
2
4
2
4
2
4
2
4
2
4
2
4
2
4
2
4
2
4
2
4
2
4
2
4
2
4
2
4
2
4
2
4
2
4
2
4
2
4
2
4
2
4
2
4
2
4
2
4
2
4
2
4
2
4
2
4
2
4
2
4
2
4
2
4
2
4
2
4
2
4
2
4
2
4
2
4
2
4
2
4
2
4
2
4
2
4
2
4
2
4
2
4
2
4
2
4
2
4
2
4
2
4
2
4
2
4
2
4
2
4
2
4
2
4
2
4
2
4
2
4
2
4
2
4
2
4
2
4
2
4
2
4
2
4
2
4
2
4
2
4
2
4
2
4
2
4
2
4
0
