2
5
3
3
3
3
4
3
5
5
2
4
3
2
2
2
4
43
10
2
2
4
3
4
5
3
2
2
4
2
3
3
4
3
3
2
2
2
2
5
2
2
2
2
4
3
4
4
5
3
3
3
3
3
3
5
5
5
5
5
9
2
2
2
2
2
2
2
2
2
2
2
2
2
2
2
2
2
2
2
2
2
2
2
2
2
2
2
3
2
2
2
2
2
2
2
2
2
2
2
2
2
2
2
2
2
2
2
2
2
2
2
2
2
2
2
2
2
2
2
2
3
2
2
2
2
2
2
2
2
2
2
2
2
2
2
2
2
2
2
2
2
2
2
2
2
2
2
2
2
2
2
2
2
2
2
2
2
2
2
2
2
2
2
2
2
2
2
2
2
2
2
2
2
2
2
2
2
2
2
2
2
2
2
2
2
2
8
2
3
2
2
2
2
2
2
2
2
2
2
2
2
2
2
2
2
2
2
2
2
2
2
2
2
2
2
2
2
2
2
2
2
2
2
2
3
2
2
2
2
2
2
2
2
2
2
2
2
2
2
2
2
2
2
2
2
2
2
2
2
2
2
2
2
2
2
2
2
2
2
2
2
2
2
2
2
2
2
2
2
2
2
2
2
2
2
2
3
2
3
2
2
2
2
2
2
2
2
2
2
2
2
2
2
2
2
2
2
2
2
3
2
2
2
2
2
2
2
2
2
2
2
2
2
6
2
2
2
2
2
2
2
2
2
2
2
2
2
2
43
8
2
2
2
2
2
2
2
2
2
2
2
2
2
2
2
2
2
2
2
2
2
2
4
4
4
4
4
2
2
2
2
2
2
2
2
2
2
2
2
2
2
2
2
2
2
2
2
2
2
2
2
2
2
2
2
2
2
2
2
2
2
2
2
2
2
2
2
2
2
2
2
2
2
2
2
2
2
2
2
2
2
2
2
2
2
2
2
2
2
2
3
3
3
2
2
2
2
2
2
3
2
2
2
2
4
2
2
2
2
2
2
2
2
2
2
2
2
2
2
2
2
2
2
2
2
2
2
2
2
2
2
2
2
2
2
2
2
2
2
2
2
2
2
2
2
2
2
2
2
2
2
2
2
2
2
2
2
2
2
2
2
2
2
2
3
2
2
2
2
2
2
2
2
2
7
5
3
2
5
2
2
3
3
2
2
2
2
2
2
2
2
2
2
2
2
2
2
2
2
2
2
2
2
2
2
2
2
2
9
2
2
2
2
2
2
2
2
2
2
2
6
4
2
2
3
2
3
2
2
2
2
2
2
2
2
2
2
2
2
2
2
2
2
2
6
2
2
2
2
2
2
2
2
2
2
2
2
2
2
2
2
2
2
2
2
2
2
2
2
2
2
2
2
2
2
3
2
2
2
6
2
6
2
2
3
2
3
2
7
2
11
2
6
2
2
2
11
2
6
2
2
2
11
2
6
2
2
2
11
2
6
2
2
2
11
2
6
2
2
2
11
2
6
2
2
2
2
2
2
2
5
2
2
2
3
11
60
8
2
2
2
2
2
5
2
20
8
4
3
2
4
2
2
4
2
4
3
4
2
5
4
5
2
3
3
3
2
2
2
3
11
61
8
2
2
2
2
2
35
4
3
2
4
2
2
4
2
4
3
4
3
4
2
3
2
4
3
2
4
3
2
4
2
5
4
5
2
3
3
3
2
2
2
2
2
2
2
24
2
3
3
2
2
2
2
2
6
2
2
59
6
2
2
4
4
9
8
2
2
8
2
3
3
43
8
2
2
2
2
2
2
2
2
4
2
2
2
3
2
2
3
2
2
2
3
3
3
6
2
41
2
97
3
3
3
3
30
4
4
3
3
3
3
3
3
28
53
2
2
2
88
2
2
3
2
2
2
2
2
2
2
2
2
2
2
2
2
2
2
2
2
2
2
2
2
2
2
2
2
2
2
2
2
2
2
2
2
2
2
2
2
2
2
2
2
2
2
2
2
2
2
2
2
2
2
2
2
2
2
2
2
2
2
2
2
2
2
2
2
2
2
2
2
2
2
2
2
2
2
2
2
2
2
2
2
2
2
2
2
2
2
2
2
2
2
2
2
2
2
2
2
2
2
2
2
2
2
2
28
240
171
355
192
145
354
540
99
240
9
3
3
3
3
3
5
3
3
3
3
6
3
3
3
3
6
3
3
3
3
3
3
3
3
3
3
6
3
3
3
3
6
3
3
3
3
6
3
3
3
3
6
3
3
3
3
6
3
3
3
3
6
3
0
