2
2
41
8
2
2
3
2
2
2
2
2
2
2
2
2
2
2
2
2
2
2
2
2
2
2
2
2
2
2
2
2
2
2
2
2
2
3
3
2
2
3
3
2
2
3
2
3
3
2
2
3
3
2
2
3
3
2
2
3
3
2
2
3
3
2
2
3
3
2
2
3
3
2
2
3
2
3
2
3
2
3
2
3
2
3
3
2
2
3
3
2
2
3
3
2
2
3
3
2
4
2
2
2
2
2
2
2
2
2
2
2
4
6
2
2
2
2
2
2
2
2
2
2
2
2
2
2
2
2
2
2
2
2
2
2
2
2
2
2
2
2
3
3
2
2
3
3
2
2
3
2
3
3
2
2
3
3
2
2
3
3
2
2
3
3
2
2
3
3
2
2
3
3
2
2
3
3
2
2
3
2
3
2
3
2
3
2
3
2
3
3
2
2
3
3
2
2
3
3
2
2
3
3
2
4
2
2
3
2
4
2
2
2
2
4
2
2
2
2
4
2
2
2
2
3
2
2
2
2
3
41
8
2
2
2
2
2
2
2
3
2
2
2
3
2
2
2
52
8
2
2
2
2
2
2
2
2
2
2
6
2
4
2
2
2
3
2
2
3
2
2
3
2
2
2
2
2
2
3
2
2
3
2
2
2
2
2
3
2
2
3
2
2
3
2
2
2
2
44
8
2
2
4
4
6
8
9
2
3
3
2
2
2
3
2
2
2
2
3
3
4
2
3
3
3
2
3
3
4
2
3
3
3
2
3
2
2
2
2
2
3
2
2
2
2
2
2
2
2
2
3
2
3
2
2
4
3
2
2
4
2
4
2
2
2
2
2
2
3
2
2
2
2
2
2
2
2
2
2
2
2
2
2
2
2
2
2
2
2
2
2
2
2
2
2
2
2
2
2
2
2
2
2
2
2
2
2
2
2
2
2
2
2
2
2
2
2
2
2
2
2
2
2
2
2
2
2
2
2
2
2
2
2
2
2
2
2
2
2
2
2
2
2
2
2
2
2
2
2
2
2
2
2
2
2
2
2
2
2
2
2
2
2
2
2
2
2
2
9
2
2
2
2
2
2
2
2
2
2
2
5
2
2
2
3
2
2
2
2
2
2
2
2
2
2
3
2
2
2
3
2
3
2
2
6
3
2
2
3
2
2
2
3
2
3
2
2
6
3
2
2
2
2
2
2
2
2
2
2
2
2
2
2
2
2
2
2
2
2
4
4
2
3
2
2
6
2
8
2
8
2
4
4
2
3
2
2
6
2
8
2
8
2
3
2
4
4
2
3
2
2
6
2
8
2
8
2
3
43
8
2
11
8
2
2
2
2
24
2
2
3
2
2
2
3
2
3
2
2
6
3
2
2
20
2
4
3
5
4
4
4
4
4
5
2
9
16
3
2
2
2
2
2
4
2
2
2
2
2
2
2
2
2
2
2
2
2
2
2
2
2
2
2
2
2
2
2
2
2
2
2
2
2
2
2
2
2
2
2
2
2
2
2
2
2
2
2
2
2
2
2
2
2
2
2
2
2
2
2
2
2
2
2
2
2
2
2
2
2
2
2
2
2
2
2
2
2
2
2
2
2
2
2
2
2
2
2
2
2
2
2
2
2
2
2
2
2
2
2
2
2
2
2
2
2
2
2
2
2
2
2
2
2
2
2
2
2
2
2
2
2
2
2
2
2
2
2
2
2
2
2
2
2
2
2
2
2
2
2
2
2
2
2
2
2
3
2
2
2
2
2
2
2
2
2
2
2
4
4
2
3
3
2
2
2
2
2
2
3
2
2
59
6
2
2
4
4
9
8
2
2
8
2
3
3
2
2
2
2
5
2
2
2
46
8
2
2
2
2
2
2
2
2
4
2
2
2
3
2
2
3
2
2
3
3
3
3
2
22
2
97
3
3
3
26
4
4
3
3
3
3
3
3
28
53
2
2
2
88
2
2
3
2
2
2
2
2
2
2
2
2
2
2
2
2
2
2
2
2
2
2
2
2
2
2
2
2
2
2
2
2
2
2
2
2
2
2
2
2
2
2
2
2
2
2
2
2
2
2
2
2
2
2
2
2
2
2
2
2
2
2
2
2
2
2
2
2
2
2
2
2
2
2
2
2
2
2
2
2
2
2
2
2
2
2
2
2
2
2
2
2
2
2
2
2
2
2
2
2
2
2
2
2
2
2
2
28
240
171
355
192
145
354
540
99
240
9
3
0
