2
2
2
4
3
3
4
2
3
24
5
5
5
5
4
4
5
4
2
4
4
4
4
4
2
2
2
2
2
2
2
2
2
2
2
2
2
3
2
2
2
3
2
2
2
2
2
2
2
2
2
2
2
2
2
2
2
2
2
2
2
2
2
2
2
2
2
2
2
2
2
2
2
2
2
2
2
2
2
2
2
2
2
2
2
2
2
2
2
2
2
2
2
2
2
2
2
2
2
2
2
2
2
2
2
2
2
2
3
2
2
2
2
2
2
2
2
3
2
3
2
3
2
3
2
2
2
2
2
2
2
2
4
2
3
3
2
43
2
2
2
3
3
3
3
2
2
2
2
2
2
3
2
2
2
2
2
2
2
2
2
2
2
5
2
2
2
52
8
2
2
2
2
2
3
2
3
2
2
4
2
2
2
2
2
2
3
2
2
2
2
2
2
2
2
2
2
2
2
2
2
2
2
2
2
2
2
2
2
2
2
2
2
2
2
2
2
2
2
2
2
2
2
2
2
2
2
2
2
2
2
2
2
2
2
2
2
2
3
2
3
2
2
2
2
2
2
2
2
2
2
2
2
2
2
2
2
2
2
2
2
3
2
2
2
2
2
2
2
2
2
2
5
2
20
8
4
3
2
4
2
2
4
2
4
3
4
3
4
2
5
4
5
2
3
3
3
2
29
4
3
2
4
4
2
4
3
4
2
5
4
5
2
3
3
3
2
2
2
2
2
2
2
3
2
3
2
2
2
2
2
2
2
2
2
2
2
2
2
2
2
2
2
2
3
2
2
2
2
4
2
44
6
2
3
3
7
3
3
4
2
28
2
2
2
2
2
2
2
2
2
2
2
2
2
2
2
2
2
2
2
2
2
2
2
2
2
2
2
2
2
4
2
2
2
2
2
2
2
2
2
4
2
3
3
2
2
2
2
2
2
3
2
2
2
63
2
2
4
4
9
8
2
2
8
2
3
3
43
8
2
2
2
2
2
2
2
2
4
2
2
2
3
2
2
3
2
2
2
3
3
3
3
2
22
2
97
3
3
3
3
3
2
2
2
2
2
3
2
2
2
2
2
2
2
2
2
2
2
2
2
2
2
2
2
2
2
2
2
2
7
3
3
3
3
3
4
2
2
2
2
7
3
3
3
3
3
4
2
2
2
2
7
3
3
3
3
3
4
2
2
2
2
7
3
3
3
3
3
4
2
2
2
2
7
3
3
3
3
3
4
2
2
2
2
7
3
3
3
3
3
4
2
2
2
2
7
3
3
3
3
3
4
2
2
2
2
7
3
3
3
3
3
4
2
2
2
2
7
3
3
3
3
3
4
2
2
2
2
7
3
3
3
3
3
4
2
2
2
2
7
3
3
3
3
3
4
2
2
2
2
7
3
3
3
3
3
4
2
2
2
2
7
3
3
3
3
3
4
2
2
2
2
7
3
3
3
3
3
4
2
2
2
2
7
3
3
3
3
3
4
2
2
2
2
7
3
3
3
3
3
4
2
2
2
2
7
3
3
3
3
3
4
2
2
2
2
7
3
3
3
3
3
4
2
2
2
2
7
3
3
3
3
3
4
2
2
2
2
7
3
3
3
3
3
4
2
2
2
2
7
3
3
3
3
3
4
2
2
2
2
7
3
3
3
3
3
4
2
2
2
2
7
3
3
3
3
3
4
2
2
2
2
7
3
3
3
3
3
4
2
2
2
2
7
3
3
3
3
3
4
2
2
2
2
7
3
3
3
3
3
4
2
2
2
2
7
3
3
3
3
3
4
2
2
2
2
7
3
3
3
3
3
4
2
2
2
2
7
3
3
3
3
3
4
2
2
2
2
7
3
3
3
3
3
4
2
2
2
2
7
3
3
3
3
3
4
2
2
2
2
7
3
3
3
3
3
4
2
2
2
2
7
3
3
3
3
3
4
2
2
2
2
7
3
3
3
3
3
4
2
2
2
2
7
3
3
3
3
3
4
2
2
2
2
7
3
3
3
3
3
4
2
2
2
2
7
3
3
3
3
3
4
2
2
2
2
7
3
3
3
3
3
4
2
2
2
2
7
3
3
3
3
3
4
2
2
2
2
7
3
3
3
3
3
4
2
2
2
2
7
3
3
3
3
3
4
2
2
2
2
7
3
3
3
3
3
4
2
2
2
2
7
3
3
3
3
3
4
2
2
2
2
7
3
3
3
3
3
4
2
2
2
2
7
3
3
3
3
3
4
2
2
2
2
7
3
3
3
3
3
4
2
2
2
2
7
0
