3
2
2
4
2
2
3
2
2
6
2
2
3
3
5
2
3
2
2
4
2
2
3
2
2
4
2
2
3
2
2
6
2
2
3
3
5
2
3
2
2
4
2
2
3
2
2
6
2
2
3
3
5
2
3
2
2
6
2
2
3
3
5
2
3
2
2
6
2
2
3
3
5
2
3
2
2
4
2
2
3
2
2
6
2
2
3
3
5
2
3
2
2
4
2
2
3
2
2
6
2
2
3
3
5
2
3
2
2
4
2
2
3
2
2
6
2
2
3
3
5
2
3
2
2
4
2
2
3
2
2
6
2
2
3
3
5
2
3
2
2
4
2
2
3
2
2
4
2
2
3
2
2
4
2
2
3
2
2
6
2
2
3
3
5
2
3
2
2
4
2
2
3
2
2
6
2
2
3
3
5
2
3
2
2
6
2
2
3
3
5
2
3
2
2
6
2
2
3
3
5
2
3
2
2
6
2
2
3
3
5
2
3
2
2
4
2
2
3
2
2
6
2
2
3
3
5
2
3
2
2
6
2
2
3
3
5
2
3
2
2
6
2
2
3
3
5
2
3
2
2
6
2
2
3
3
5
2
3
2
2
6
2
2
3
3
5
2
3
2
2
6
2
2
3
3
5
2
3
2
2
4
2
2
3
2
2
6
2
2
3
3
5
2
3
2
2
6
2
2
3
3
5
2
3
2
2
6
2
2
3
3
5
2
3
2
2
4
2
2
2
4
4
4
4
4
4
2
2
2
2
2
2
2
2
2
2
2
2
2
3
2
15
2
2
2
2
23
3
5
5
5
5
4
4
5
4
2
2
2
2
2
2
2
2
2
2
2
2
2
2
2
2
2
2
2
2
2
2
2
2
2
2
2
2
2
2
2
2
2
2
2
2
2
2
2
2
2
2
2
2
2
2
2
2
2
2
2
2
2
2
2
2
2
2
2
2
2
2
2
2
2
2
2
2
2
2
2
2
2
2
2
2
2
2
2
2
2
2
2
2
2
2
2
2
2
2
2
2
2
2
2
2
2
2
2
2
2
2
2
2
2
3
2
2
4
2
2
2
2
2
2
3
2
2
2
2
2
2
2
2
2
2
2
2
2
2
2
2
2
2
2
2
2
2
2
2
2
2
2
2
2
2
2
2
2
2
2
2
2
2
2
2
2
2
2
2
2
2
2
2
2
2
2
3
2
3
2
2
2
2
2
2
2
2
2
2
2
2
2
2
2
2
2
2
2
2
3
2
2
2
2
2
2
2
2
2
2
2
2
2
2
2
2
2
2
2
2
2
2
2
2
2
2
2
2
2
2
2
2
2
2
2
2
2
2
2
2
2
2
2
2
2
2
2
2
2
2
2
2
2
2
2
2
2
2
2
2
2
2
2
2
2
2
2
2
2
7
2
2
2
2
2
2
4
2
24
2
5
5
2
2
2
2
2
2
2
2
2
2
2
2
2
2
4
3
3
2
2
2
2
3
2
2
3
2
3
2
2
2
2
2
2
2
2
2
2
2
2
2
2
2
2
2
2
2
2
2
2
2
2
2
2
2
2
2
2
2
2
2
2
2
2
2
2
2
2
2
2
2
2
2
2
2
2
2
2
2
2
2
2
2
2
2
2
2
2
2
2
2
2
2
2
2
2
2
3
2
2
2
5
2
2
2
2
2
2
2
2
2
2
2
2
3
2
2
3
2
4
2
2
2
8
2
2
2
2
3
2
2
2
2
4
2
44
6
2
3
3
6
2
2
2
2
2
2
2
2
2
2
2
2
2
3
2
2
2
2
2
2
3
2
2
2
2
2
2
2
3
3
2
2
2
2
2
2
2
2
2
2
2
22
2
4
2
2
2
2
2
4
2
2
2
2
2
2
2
2
2
2
2
2
2
2
29
2
2
2
2
2
63
2
2
4
4
9
8
2
2
8
2
3
3
2
2
2
2
5
2
2
2
46
8
2
2
2
2
2
2
2
2
4
2
2
2
3
2
2
3
2
2
3
3
3
22
2
97
3
4
2
2
2
2
2
2
2
2
2
2
2
3
2
2
6
2
2
3
3
5
2
3
2
2
6
2
2
3
3
5
2
3
2
2
6
2
2
3
3
5
2
3
2
2
4
2
2
3
2
2
4
2
2
3
2
2
0
