2
2
2
2
2
2
2
2
2
2
2
2
2
2
2
2
2
2
2
2
2
2
2
2
2
2
2
2
2
2
2
2
2
2
2
2
2
2
2
2
2
2
2
2
2
2
2
2
2
2
2
2
2
2
2
2
2
2
2
2
2
2
2
2
2
2
2
2
2
2
2
2
2
2
2
2
2
2
2
2
2
2
2
2
2
2
2
2
2
2
2
2
2
2
2
2
2
2
2
2
2
2
2
2
2
2
2
2
2
2
2
2
2
2
2
2
2
2
2
2
2
2
2
2
2
12
2
2
2
2
2
3
2
2
2
3
2
2
2
3
2
2
2
4
2
2
2
3
2
2
2
4
2
2
2
4
2
2
2
4
2
2
2
4
2
2
2
4
2
2
2
4
2
2
2
4
2
2
2
4
2
2
2
4
2
2
2
2
2
3
2
2
2
3
2
3
2
2
6
3
2
2
2
2
3
2
2
2
3
2
3
2
2
6
3
2
2
3
2
2
2
3
2
3
2
2
6
3
2
2
2
2
2
2
2
2
4
4
2
3
2
2
6
2
8
2
8
2
4
4
2
3
2
2
6
2
8
2
8
2
3
2
4
4
2
3
2
2
6
2
8
2
8
2
3
43
8
2
11
8
2
2
4
3
5
4
4
4
4
4
95
8
2
3
3
3
3
3
3
3
3
4
5
4
4
4
4
4
6
2
2
2
2
2
2
2
2
2
2
2
2
2
2
3
5
4
4
77
3
9
2
44
49
3
3
3
3
3
3
5
5
4
4
4
4
4
7
3
4
5
4
4
4
4
4
7
5
4
4
4
4
4
6
3
4
5
4
4
4
4
4
2
2
2
2
2
2
2
2
2
2
2
2
2
2
2
2
2
2
2
2
2
2
2
2
2
2
2
2
2
3
3
2
2
3
3
2
2
3
2
3
3
2
2
3
3
2
2
3
3
2
2
3
3
2
2
3
3
2
2
3
3
2
2
3
3
2
2
3
2
3
2
3
2
3
2
3
2
3
3
2
2
3
3
2
2
3
3
2
2
3
3
2
2
2
3
2
2
2
2
4
3
2
3
16
3
2
2
3
2
2
2
2
3
3
3
6
2
2
2
2
2
2
2
2
2
2
2
2
2
2
4
2
4
2
4
2
4
2
4
3
3
3
13
4
2
2
53
3
2
4
2
3
2
4
2
3
2
4
2
4
6
2
8
10
3
2
4
2
3
2
4
2
3
2
4
2
4
2
2
4
2
2
2
2
2
2
2
3
2
3
3
2
39
2
2
2
2
2
2
2
2
2
2
2
2
2
2
4
2
4
2
4
2
4
2
4
3
3
2
2
116
12
3
4
3
3
2
2
3
3
3
2
3
3
2
5
2
9
16
3
2
2
2
2
2
2
2
2
56
3
2
2
2
2
2
2
2
2
2
2
2
2
2
2
2
2
2
2
2
4
2
4
2
4
2
4
2
4
24
2
2
3
2
4
2
3
2
4
2
3
2
4
2
4
4
2
2
3
3
2
63
3
2
3
3
2
3
5
2
29
3
3
3
3
3
2
3
3
3
3
3
3
2
3
3
3
3
64
3
3
3
3
3
3
3
3
3
4
2
2
2
2
2
2
2
2
2
2
2
2
2
2
2
2
2
2
2
2
2
2
2
2
2
2
2
2
2
2
2
2
2
2
2
2
2
2
2
2
2
2
2
2
2
2
2
2
2
2
2
2
2
2
2
2
2
2
2
2
2
2
2
2
2
2
2
2
2
2
2
2
2
2
2
2
2
2
2
2
2
2
2
2
2
2
2
2
2
2
2
2
2
2
2
2
2
2
2
2
2
2
2
2
2
2
2
2
2
2
2
2
2
2
2
2
2
2
2
2
2
2
2
2
2
2
2
2
2
2
2
2
2
2
2
2
2
2
2
2
2
2
2
2
2
2
2
2
2
2
2
2
2
2
2
2
2
2
2
2
2
2
2
2
2
2
2
2
2
2
2
2
2
2
2
2
2
2
2
2
2
2
2
2
2
2
2
2
2
2
2
2
2
2
2
2
2
2
2
2
2
2
2
2
2
2
2
2
2
2
2
2
2
2
2
2
2
2
2
2
2
2
2
2
2
2
2
2
2
2
2
2
2
2
2
2
2
2
2
2
2
2
2
2
2
2
2
2
2
2
2
2
2
2
2
2
2
2
2
2
2
2
2
2
2
2
2
2
2
2
2
2
2
2
2
2
0
